10
                      3                       3     5.66666666666666696                    3.75     2.60000000000000009                     2.5    0.857142857142857095                     1.5                       1    0.100000000000000006 
                      2                     3.5     3.33333333333333348                    4.75    0.599999999999999978                       1                       0                    0.75     1.33333333333333326     1.60000000000000009 
                     11                       4     2.33333333333333348                    2.25    0.400000000000000022     1.66666666666666674    0.285714285714285698                   0.375     0.77777777777777779                     1.5 
                      9                       1     0.66666666666666663                     4.5     1.80000000000000004     1.16666666666666674     1.85714285714285721                       2     1.22222222222222232    0.200000000000000011 
                      9                     6.5    0.333333333333333315                    4.75    0.800000000000000044     2.83333333333333348     2.57142857142857162                     0.5     1.66666666666666674                       1 
                     13                       3     3.66666666666666652                       0     3.20000000000000018     2.16666666666666652    0.285714285714285698                    1.25     1.77777777777777768    0.100000000000000006 
                      5                     2.5     1.33333333333333326                    1.75     3.20000000000000018     0.83333333333333337    0.857142857142857095                   1.125     1.44444444444444442     1.69999999999999996 
                      4                     7.5     0.66666666666666663                    1.25     2.79999999999999982     1.16666666666666674                       2                     0.5    0.333333333333333315                       1 
                      7                       4     5.33333333333333304                     4.5     1.60000000000000009     0.66666666666666663    0.428571428571428548                   1.375     1.55555555555555558     1.89999999999999991 
                     12                       0     5.33333333333333304                       2     3.79999999999999982                       2    0.857142857142857095                    0.75     1.55555555555555558     1.89999999999999991 
1 2 3 4 5 6 7 8 9 10 
